-9.76196123
-3.96710186
-9.41773477
-1.10707785
-1.63705092
-2.51364853
-9.53837867
-0.36444230
0.26495228
-4.76109471
-1.73745706
-0.67918886
-9.46759898
0.21638876
-1.00490036
-2.60650920
-1.80893045
-1.90545683
-1.16402229
-1.07108530
-2.88743197
-9.41773477
-1.10707785
-1.63705092
-2.51364853
-9.53837867
-0.36444230
0.26495228
-4.76109471
-1.73411675
0.03797865
-0.79825849
-0.21770053
-1.80893045
-2.08818884
-3.20076197
-3.05780426
-2.36242674
-9.41773477
-1.10707785
-1.63705092
-2.51364853
-2.51213832
-9.52368915
-0.87041265
-1.61501460
-8.54526395
-3.50450420
-2.85691759
-2.55829337
-1.80468017
-0.86884023
-1.77088376
-0.91848065
-2.16672767
-9.63248865
-0.75480811
-2.91316060
-3.28237945
-2.78957563
-3.10900074
-1.96354367
-9.52368915
-1.05394731
-1.78558397
-8.06518520
-4.11541281
-2.74949943
-2.61545057
-2.13816464
-0.77045862
-1.53175351
-9.63248865
-0.75480811
-3.01154221
-3.28238308
-1.23983045
-2.72095830
-4.56700762
-0.64407071
-9.64310682
0.01945555
-6.99719037
-0.53073165
-2.66245870
-8.19232028
-0.63611762
-6.69435515
-2.60055252
-3.98523656
-3.05785139
-9.66493411
-1.34485981
-0.65279644
-9.64310682
0.01945555
-6.67223244
-8.94882179
-1.26466083
-1.93947261
-8.48337844
-6.67950748
-6.13123721
-8.84285920
-9.58558285
-2.82515581
-1.07102238
-1.39847408
-3.75061861
-6.77708736
-8.74913039
-6.69423670
-2.51213832
-9.52368915
-0.87041265
-1.61501460
-3.84652754
-8.93402946
-3.75766686
-3.41319610
-0.39194470
-2.33134944
-1.48520390
-3.27654424
-0.97326351
-2.71194407
-3.01199545
-2.50799436
-1.76132974
-2.28890869
-1.27750404
-7.97123446
-0.65194119
-2.86026846
-6.64765335
-2.78333662
-2.30929117
-1.48335606
-4.57648260
-7.81440040
-0.20865973
-5.87243746
-3.64641452
-3.12154219
-0.95019976
-9.40632325
-0.82573888
-0.39441127
-4.42997967
-2.44575958
-6.58044329
-6.39034653
-0.78283106
-1.51129047
-6.42819241
-1.94796144
-8.32436579
-0.62879711
-0.89519180
-2.63514286
-1.19114667
-2.40379510
-1.83384750
-9.50159161
-6.66008387
-0.25387544
-9.59976195
-3.54338731
-2.86026846
-2.66245870
-8.19232028
-0.63611762
-6.69435515
-4.57648260
-2.60055252
-3.98523656
-3.05785139
-9.66493411
-1.34485981
-0.65279644
-2.56710496
-6.49892629
-0.37932909
-9.53837867
-0.36444230
0.26495228
-4.76109471
-2.16306608
-2.78038969
-7.41560193
-1.86973333
-2.60352600
-2.12425273
-2.93012805
-1.62995388
-3.29370688
-2.68827370
-9.84778940
0.10931010
-9.42357658
0.34344601
-3.13926558
-1.25971144
-7.07536742
-2.43049956
-2.93261886
-0.45282659
-6.71957675
-6.41257993
-1.33135470
-2.62345239
-1.28578293
-7.76227238
-8.76582575
-6.84666586
-8.97450680
-7.89643210
-6.18542596
-2.26121444
-2.59191295
-2.60352600
-0.74502417
-2.52131585
-9.66493411
-0.68477200
-9.50627837
-1.30497797
-9.63248865
-0.75480811
-1.35174992
-7.92540918
-2.50579779
-1.53386166
-2.68827370
-9.60769784
-4.40328927
-9.56316948
-1.03572727
-2.72765993
-9.42611122
-1.21677453
-1.49842423
-0.54986593
-1.53871920
-2.31887563
-6.92304407
-1.75191917
-0.62570196
-2.60352600
-7.47742576
-7.37757501
-2.34933738
-2.67575673
-7.46260678
-3.97521778
-2.60352600
-0.48213551
-1.66400051
-6.38410945
-6.58409826
-1.35009022
-2.51020124
-7.43947678
-3.95031166
-2.56557770
-6.58728652
-8.01721662
-6.61856907
-8.44058270
-2.80305950
-2.63788072
-6.68023333
-0.67582052
-0.70994902
-1.52022390
-2.39426603
0.14019849
-7.81807037
-7.97836052
-1.06752029
-3.08531053
-8.53373079
-8.73320569
-3.56689333
-3.05244739
-3.56890840
-3.49995140
-2.27827057
-3.52978918
-9.34646079
-0.03662955
-1.00586945
-2.52552993
-0.34496142
-9.60769784
-4.40328927
-9.58558285
-7.71215535
-7.87244550
-9.63859691
-2.87192134
-1.22914885
-2.99984348
-4.85282302
-1.19114667
-2.19346984
-2.98131444
-9.43227244
-6.51457423
-0.93465699
-1.09588947
-5.74590247
-8.84375269
-8.84954941
-7.08981969
-8.11258147
-9.34926337
-2.92151289
-1.10237050
-2.35299258
-4.10500256
-9.43596819
-9.64842507
-9.66166670
-0.75363763
-9.46759898
-5.90457255
-9.43552855
-1.10739093
-2.86993591
-6.75204255
-8.97305408
-3.28285639
-2.83524093
-3.66294608
-1.74231083
-3.12154219
-0.95019976
-2.15214202
-2.77693784
-1.83683155
-1.74801534
-4.13421593
-2.77495057
-3.64641452
-8.98357815
-3.13340447
-1.97454712
-3.72081715
-7.79897532
-3.46849776
-2.04798703
-2.98239952
-8.36356731
-1.80893045
-2.08288233
-0.71082443
-9.53837867
-2.56198078
-1.44163444
-4.55052363
-2.65135285
-3.36018256
-2.66245870
-8.19232028
-0.63611762
-6.69435515
-2.60055252
-3.98523656
-3.05785139
-9.66493411
-1.34485981
-0.65279644
-2.83155277
-6.86586548
-1.06463444
-7.24364472
-6.53245291
-2.67254991
-2.95043925
-3.64641452
-9.60769784
-4.40328927
-4.04439883
-4.36203587
-3.77016559
-3.97057065
-6.31949687
-1.22317981
-2.32985817
-3.61640799
-2.05376228
-8.85676459
-1.01643391
-4.60463241
-8.03783900
-3.71710811
-3.86344173
-9.27944290
-1.34596599
-0.28928962
0.01344286
-8.67005517
-0.04301686
-4.53433337
-7.85470413
-3.51371178
-3.82317964
-1.09175145
-0.75339038
-1.31851390
-1.02172597
-2.60352600
-3.09410565
-6.25017770
-0.89729699
-2.49148673
-2.99662407
-8.56679727
-0.88668601
-2.07062283
-8.98357815
-3.13340451
-3.69452675
-3.36018143
-1.53461822
-6.81659928
-6.91101434
-0.95774838
-2.21068947
-8.79807832
-8.97450680
-7.89643210
-6.18542596
-2.26121444
-2.59191295
-0.31156614
-1.42473276
-1.61463291
-6.77675101
-2.86026846
-6.72448408
-1.31697712
-0.51419196
-2.86026846
-0.87427282
-4.57648260
-2.69978258
-2.91148883
-2.54193971
-9.66493411
-1.33644649
-0.42310413
-3.96710186
-1.38699235
-9.66493411
-0.71138457
-5.85776646
-9.53837867
-0.36444230
0.26495228
-4.76109471
-1.95277115
-1.00236947
-0.67918886
-6.70263899
-0.97490563
-3.13339799
-9.42357658
0.34344601
-6.71713732
-6.42395676
-8.94882167
-3.85440939
-3.77016559
-3.85282146
-1.55070071
-7.90838128
-8.84744574
-8.92611590
-8.04969683
-6.82326380
-7.33009643
-2.22955366
-2.60632514
-8.51378268
-1.98558190
-2.77301856
-0.71463097
-2.36867142
-7.69517743
-6.71713732
-6.31804175
-8.84290665
-9.17559997
-4.39520514
-3.86344173
-4.07959975
-9.12792383
-3.93179416
-3.46947747
-1.65797618
-2.82192138
-7.90838128
-8.84744574
-8.92611590
-8.04969683
-6.82326380
-2.51213832
-9.52368915
-0.87041265
-1.61501460
-7.34046390
-8.47058465
-3.39792648
-3.08915875
-3.16621893
-8.41105440
-3.17100529
-2.20032072
-2.56557770
-1.78781095
-1.30648872
-2.98129208
-1.50281743
-1.31625233
-1.31625233
-3.39797381
-2.68056605
-2.39513013
-2.68055025
-2.96952509
-2.09606386
-1.98281720
-0.86401395
-2.64696888
-6.47159076
-1.65462259
-1.48010042
-2.46893175
0.03797865
-6.47159076
-1.65462259
-9.60394385
-0.79170980
-2.18076256
-5.40271148
-8.09803369
-9.06189313
-9.60394385
-1.07335937
-1.28454169
-5.75217145
-9.06828516
-9.09917679
0.03797865
-9.60394385
-1.20986895
-2.11848775
-9.16539896
-0.54986593
-6.75722360
-0.35113894
-5.88581266
-6.65618773
-8.12229702
-8.94882161
-1.96488353
-3.38953719
-6.47159076
-1.65462259
-8.31096340
-4.26439218
-3.36004940
-1.33210586
-2.76803496
-2.56710496
-6.49892629
-0.37932909
-2.86026846
-2.20518748
-3.28238357
-9.42357658
0.34344601
-0.69254138
-0.58445135
-2.86026846
-2.50444889
-2.40470011
-3.12309067
0.03797865
-2.86026846
-0.58445135
-2.86026846
-9.60769784
-4.40328927
-3.16233106
-3.41319651
-3.39797381
-2.30323599
-9.60769784
-4.40328927
-1.89507904
-1.52046395
-2.94078353
-6.68984318
-8.51012157
-8.48777827
-3.68542101
-3.36018258
-6.34290946
-1.79565879
-2.76725447
-1.19300900
-2.31875193
-2.30854162
-3.92174480
-3.36018281
-3.21413731
-2.04116031
-1.47545070
-2.50365058
-2.88668509
-0.32573909
-1.07945054
-9.60769784
-4.40328927
-2.41431282
-2.59800862
-0.81506253
-1.20928720
-0.26498658
-1.42473276
-1.61463291
-6.77675101
-1.26983907
-1.04345882
-2.58825492
-2.78996662
-7.97123446
-0.56137414
-4.00194237
-0.91848065
-2.16672767
-3.39841899
-1.00620464
-9.46759898
0.21638876
-2.80374515
-0.86012967
-2.79282729
-2.93034518
-9.50954008
0.18401222
-2.79282729
-2.93034518
-0.45988962
-9.41773477
-1.10707785
-1.63705092
-2.51364853
-3.12154219
-0.95019976
-6.56562963
-8.74843183
-4.40952676
-3.41319563
-4.54062181
-3.63838634
-9.53837867
-0.36444230
0.26495228
-4.76109471
-1.82777292
-3.69236668
-0.40185123
-0.70994902
-9.64599623
-7.18480813
-6.58704869
-1.94268612
-1.17543548
-2.39596868
-0.82392049
-7.92540918
-2.50579779
-1.53386166
-2.93034518
-1.37274997
-9.63248865
-0.75480811
-6.52012491
-6.97968956
-9.14465502
-3.14219095
-1.94598129
-6.81415634
-4.69101348
-6.62976836
-0.40185123
-0.53891187
-2.35742111
-1.52894397
-2.14726197
-9.03904234
-6.51369552
-9.43227244
-6.26535428
-0.33156455
-2.33028874
-2.44500536
-2.34213319
-6.47547551
-8.16835908
-8.99472647
-8.69548087
-3.12305232
-2.27189610
-3.39797381
-0.85133236
0.14847386
-3.59067966
-6.23497053
-7.89776952
-4.18274848
-3.39130143
-2.47225644
-1.54601642
-3.35677155
-9.46759898
0.21638876
-1.99244893
-0.74607991
-2.51213832
-9.52368915
-0.87041265
-1.61501460
-9.60769784
-4.40328927
-6.65136145
-8.83180367
-9.23434316
-4.20351530
-3.82317964
-4.24867866
-8.67036478
-3.65862222
-4.04836955
-6.72268838
-0.53652002
-1.70910539
-7.41560193
-1.86973333
-3.92312352
-0.70994902
-8.29079003
-1.43168813
-2.30307915
-8.49835026
-3.41073226
-3.03769104
-1.41026091
-2.56710496
-6.49892629
-0.37932909
-3.12154219
-0.95019976
-1.88373505
-2.19014057
-1.48073680
-9.60769784
-4.40328927
-9.68140903
-6.80658801
-0.97582029
-2.71492947
-4.15357704
-1.33207323
-2.94057706
-0.54986593
-1.53871920
-2.31887563
-6.62276349
-9.37460924
-3.73748418
-4.21201484
-3.18866435
-1.81650482
-2.73358545
-3.15770056
-6.56219251
-1.81652515
-3.25875393
-9.66493411
0.01347071
-0.56150947
-8.40249313
-9.50778394
-4.40952676
-3.41319686
-9.74645915
-4.53381644
-1.62400131
-0.81667640
-2.37674657
-1.71158399
-1.59614065
-0.39334360
-9.50448101
-2.60055252
-3.98523656
-3.05785139
-9.66493411
-1.34485981
-0.65279644
-8.38730071
-6.81859318
-6.13846969
-8.18399272
-9.63859691
-3.45345891
-2.76728650
-0.77158592
-3.35359244
-6.98222320
-8.92611590
-6.95075615
-7.48752744
-3.65788791
-1.33829642
-2.39152723
-2.60349647
-3.22286325
-6.71713732
-6.42395676
-8.94882167
-3.85440939
-3.77016559
-3.85282146
-1.55070071
-7.90838128
-8.84744574
-8.92611590
-8.04969683
-6.82326380
-1.02191229
-2.42918231
-1.59322981
-3.46783422
-2.08886650
-6.21216676
-2.19484925
-1.98393377
-0.87599849
-4.27439500
-1.02191229
-2.42918231
-6.91989532
-1.13009523
-1.99244893
-0.74607991
-0.60059203
-6.70372460
-6.15825307
-2.67161804
-3.28238373
-0.67107697
-1.31303586
-1.69956562
-1.36171604
-3.12154219
-0.95019976
-2.70457076
-0.83270553
-9.42357658
0.34344601
-2.57478369
-6.84274936
-0.93817621
-8.45772582
-3.64641452
-0.85133236
0.14847386
-3.59067966
-9.53837867
-0.36444230
0.26495228
-4.76109471
-0.67918886
-8.03393525
-3.52504029
-3.32446717
-1.56154737
-1.00737831
-3.13340422
-3.67617777
-2.90773443
-1.94240293
-3.54516613
-3.77016559
-2.08886650
-4.53731306
-0.99128327
-2.83593413
-1.26816780
-1.94225902
-3.38853857
-3.08402279
-2.71211901
-2.18026741
-2.71686261
-1.31851390
-1.02172597
-9.50159161
-6.66008387
-0.25387544
-9.59976195
-2.51213832
-9.52368915
-0.87041265
-1.61501460
-1.11302601
-3.24281136
-1.56269481
-0.70994902
-0.85133236
0.14847386
-3.59067966
-6.49749898
-9.09697408
-1.52287366
-3.16484472
-6.50666984
-0.98581632
-1.43714082
-1.10393341
-2.42437027
-7.01080547
-6.75722360
-0.35113894
-5.88581266
-6.66977593
-9.53837867
-2.18516976
-1.89443762
-9.66493411
-1.57296307
-1.35592089
-9.53837867
-0.36444230
0.26495228
-4.76109471
-0.83004518
-1.53705105
-0.82116002
-9.64310682
0.01945555
-0.82116002
-0.82116002
-1.96253929
-1.21121797
-0.90710593
-1.74200791
-1.12960271
-0.82116002
-9.15033536
-7.81263702
0.65080334
-9.14989571
-1.61428021
-0.73169161
-4.17871158
-3.16835554
-3.46910034
-3.19102581
-3.38081971
-3.55217828
-1.30146561
-3.07748465
-3.68095841
-8.70547133
-3.20320750
-2.10770120
-3.54117404
-0.54702534
-3.69236668
-0.69850110
-2.86026846
-0.91848065
-2.16672767
-4.57648260
-9.63248865
-0.75480811
-4.57648260
-0.76434597
-9.53837867
-0.36444230
0.26495228
-4.76109471
-0.94840235
-1.32316827
-6.65618773
-8.12229702
-8.94882161
-1.96488353
-3.38953719
-1.31768238
-0.76200994
-6.56124049
-9.43516184
-6.31093457
-7.72422157
-3.02044212
-2.73847617
-2.59359889
-5.97656960
-0.88274069
-0.90069947
-9.42738775
-6.56541657
-6.67521935
-0.88668601
-2.07062283
-0.93956791
-2.57478369
-6.84274936
-0.93817621
-8.45772582
-9.64310682
0.01945555
-9.44096090
-1.20398758
-0.20700158
-1.28316207
-9.63248865
-0.75480811
-0.98838459
-0.77125780
-0.85133236
0.14847386
-3.59067966
-9.60769784
-4.40328927
-2.66857145
-3.75021762
-3.69236668
-3.82159128
-9.42357658
0.34344601
-6.92655504
-2.76899067
-0.96238156
-1.99331042
-2.99766939
-6.68578835
-2.96308375
-9.14069173
-7.75639985
-2.71469181
-1.35624110
-2.13559811
-2.93629018
-3.64641452
-9.66493411
-1.58931923
-0.33210979
-1.05621379
-0.42379825
-2.14751888
-3.12154219
-0.95019976
-1.22707322
-2.55584673
-9.60394385
-0.76682983
-2.11461568
-8.26520886
-9.46759898
0.21638876
-2.79508584
-1.28819616
-2.58276328
-0.83425930
-9.84778940
0.10931010
-7.60039184
-8.94882171
-6.72877185
-2.18930889
-2.51262604
-8.76947148
-6.70205933
-0.81986799
-0.70422383
-0.64901543
-3.64641452
-9.66493411
0.12505182
-0.85133236
0.14847386
-3.59067966
-9.66493411
0.01347071
-0.88034652
-3.92708338
-0.70878409
-6.91101434
-0.95774838
-2.21068947
-8.79807832
-2.15062815
-3.69236668
0.11150956
-9.50159161
-6.66008387
-0.25387544
-9.59976195
-2.79282729
-2.62841667
-7.27587922
-0.97432776
-1.33210586
-2.76803496
-2.34445562
-3.27992107
-9.53837867
-0.36444230
0.26495228
-4.76109471
-0.87400213
-9.46759898
0.21638876
-0.54986593
-0.67918886
-1.07439643
-2.28978127
0.14019849
-2.84712849
-6.77870607
-1.07739073
-8.71017919
-6.90123104
-8.99188610
-9.22856655
-4.43546723
-3.89591232
-4.13256633
-9.61570553
-3.98480821
-3.61845692
-2.24116548
-3.83692313
-8.41823057
-6.25245087
-0.97412760
-3.25009430
-3.25390363
-2.70059673
-1.05596911
-2.30705708
-8.13383201
-7.57331124
-3.72746184
-2.97060347
-2.40901395
-8.09818259
-3.44938553
-9.46759898
0.21638876
-6.71713732
-6.42395676
-8.94882167
-3.85440939
-3.77016559
-3.85282146
-1.55070071
-7.90838128
-8.84744574
-8.92611590
-8.04969683
-6.82326380
-7.41560193
-1.86973333
-2.56557770
-9.66493411
-0.96412344
-2.20263690
-6.57688761
-1.75842631
-6.90590580
-1.13058529
-2.34340481
-6.80135038
-3.44985726
-0.49075891
-1.05166048
-0.83163812
-2.56557770
-9.53837867
-2.40559009
-1.02707522
-3.05785127
-7.62326325
-1.20545251
-2.95670089
-6.56338413
-6.41080735
-8.19307157
-2.16293237
-3.59864718
-6.47365920
-6.79528524
-3.29996045
-2.68617213
-6.79787721
-6.47059316
-4.06547267
-4.25651049
-3.75767096
-3.41319686
-2.61068955
-3.53075211
-6.64765335
-2.78333662
-2.30929117
-1.48335606
-2.05376228
-8.85676459
-1.01643391
-7.88486494
-8.15851448
-6.54162167
-8.40032080
-2.57470200
-1.49612639
-8.32416261
-6.70515820
-6.06407358
-3.10195729
-2.89280350
-0.88554985
-3.49995140
-3.71395668
-1.70121659
-6.51558851
-8.63496224
-2.56746088
-1.48188024
-1.37274997
-8.33186849
-6.09411905
-0.80116409
-2.97096262
-3.04632498
-2.47017921
-2.51213832
-9.52368915
-0.87041265
-1.61501460
-3.17841905
-4.18274848
-2.76812188
-2.37426782
-9.42357658
0.34344601
-1.25250212
-0.28266258
-1.95349781
-3.28238378
-0.77116140
-2.04299033
-4.56700762
-0.64407071
-0.91848065
-2.16672767
-0.98016165
-2.83230791
-6.12326371
-1.97261091
-2.19667475
-7.68946859
-1.71512168
-0.51400091
-8.39628723
-1.23342481
-2.36718653
-0.63229755
-0.35396675
-2.75083047
-3.28237707
-1.95636416
-2.69548774
-9.42357658
0.34344601
-1.53824097
-3.28238306
-2.39596868
-0.82392049
-0.70994902
-8.06518520
-4.11541281
-2.74949943
-2.61545057
-6.67586542
-1.56504430
-2.58634926
-6.74623931
-4.20881953
-8.47735997
-3.64641452
-8.70547133
-3.20320750
-2.10770120
-3.54117404
-9.63248865
-0.75480811
-6.50327934
-9.04662306
-2.74897012
-1.46957107
-1.03168641
-1.95170021
-6.21873346
-3.59248690
-2.77172850
-1.04264915
-3.64641452
-8.70547133
-3.20320750
-2.10770120
-3.54117404
-9.34646079
-0.03662955
-1.00586945
-2.52552993
-6.71957675
-6.41257993
-1.33135470
-2.62345239
-1.28578293
-7.76227238
-8.76582575
-6.84666586
-5.68561449
-6.40030717
-0.72853760
-2.30814129
-5.68715551
-6.86118781
-5.98984394
-3.24430857
-8.20002493
-9.42357658
0.34344601
-9.43227244
-6.51457423
-6.38789264
-7.68798599
-4.17871158
-2.71616717
-2.52368870
-1.57125198
-6.50669781
-1.81895286
-5.56153832
-7.51179923
-8.22487176
-8.71593948
-7.60143055
-5.63668990
-6.21873346
-3.59248690
-2.77172850
-1.04264915
-6.30332379
-7.73887185
-3.76872873
-3.36018281
-2.45299792
-1.29359208
-0.85133236
0.14847386
-3.59067966
-6.38049213
-1.61071390
-2.78597819
-8.09377262
-4.61321457
-8.80930361
-2.27208238
-0.39611542
-9.43516184
-6.75836741
-6.32310898
-7.26991009
-1.17259951
-0.58841460
-6.35043001
-6.74476200
-6.17717661
-5.72807383
-1.04117431
-2.71663019
-6.16167059
-9.42738775
-7.13632824
-7.81761757
-1.96787767
-5.68950149
-6.31006694
-2.48607325
-2.09086971
-7.74334973
-8.12088019
-3.39216570
-9.42357658
0.34344601
-0.54986593
-6.75722360
-0.35113894
-5.88581266
-6.65618773
-8.12229702
-8.94882161
-1.96488353
-3.38953719
-3.87702034
-2.85474575
-2.36279830
-3.80338328
-4.09262836
-1.98941928
-3.49601230
-8.58137659
-6.87598021
-6.48676041
-8.86148072
-4.40952676
-3.41319631
-4.54062181
-3.63838638
-9.60769784
-4.40328927
-1.30320553
-2.44115940
-7.05083118
-6.47665758
-1.24895999
-3.14684144
-9.46759898
0.21638876
-0.67918886
-6.91101434
-0.95774838
-2.21068947
-8.79807832
-2.85571377
-9.60394385
-0.44094701
-2.27624424
-2.98650230
-8.26520886
-2.14261434
-9.31585624
-1.07284737
-7.14313931
-8.31335259
-3.35689615
-3.31757718
-6.10831127
-1.62230493
-2.57732005
-6.38641632
-8.37043820
-2.91481059
-7.14818383
-0.63886709
-2.36677044
-3.02262225
-6.80415493
-7.74029518
-9.03904234
-0.74502417
-9.42357658
0.34344601
-2.76540849
-1.03744236
-1.31303586
-1.69956562
-1.36171604
-9.63248865
-0.75480811
-2.90286867
-0.90011727
-6.03397914
-6.87710227
-1.19114667
-7.66702074
-0.60304354
-2.98128154
-5.72339418
-8.41567286
-7.68628398
-0.64901543
-1.95641494
-4.18274848
-2.98131863
-1.06375587
-9.64599623
-1.36888922
-2.04237708
-0.45988962
-2.68336990
-0.83585316
-9.42357658
0.34344601
-9.50159161
-6.66008387
-0.25387544
-9.59976195
-2.79282729
-9.42357658
0.34344601
-8.81447225
-7.93537094
-7.70919312
-8.24438062
-4.02019101
-3.41319534
-2.12661735
-8.22522486
-8.95346361
-2.79282729
-9.50954008
0.18401222
-6.65618773
-8.12229702
-8.94882161
-1.96488353
-3.38953719
-9.34646079
-0.03662955
-1.00586945
-2.52552993
-0.58445135
-6.36908643
-8.58759660
-8.59332418
-3.52965756
-3.18866429
-3.28591801
-6.55449677
-8.40065164
-3.08511478
-1.22099347
-2.56557770
-0.45988962
-9.42357658
0.34344601
-2.94773414
-6.74883158
-2.11123902
-6.67559506
-2.79282729
-9.50954008
0.18401222
-6.65618773
-8.12229702
-8.94882161
-1.96488353
-3.38953719
-9.34646079
-0.03662955
-1.00586945
-2.52552993
-0.58445135
-1.26464581
-3.19822393
-3.95472071
-3.05911733
-6.58856229
-2.95990791
-2.56557770
-2.30323599
-2.68336990
-0.83585316
-9.33215987
-0.08112519
-1.32764926
-0.39268753
-0.85133236
0.14847386
-3.59067966
-9.52368915
-2.92445658
-2.89280413
-1.26581651
-2.18529801
-6.65658429
-7.14179822
-2.31462640
-9.66493411
-1.15291184
-0.25253476
-0.62962227
-2.36318842
-2.74327094
-7.97123446
-0.52828171
-6.21937144
-2.93034518
-4.33776157
-3.92312352
-0.85133236
0.14847386
-3.59067966
-1.09155375
-2.54743754
-0.88668601
-2.07062283
-8.20756236
-4.05255786
-3.86344173
-3.74659479
-6.70342734
-6.63403901
-7.55482367
-7.77743469
-3.75155452
-3.82317964
-2.18742695
-3.19190854
-0.70994902
-3.54338731
-0.74502417
-0.85133236
0.14847386
-3.59067966
-1.69035993
-0.91144044
-2.34821160
-0.79943095
-6.38049213
-1.61071390
-2.78597819
-8.09377262
-4.61321457
-8.80930361
-6.58086609
-1.15170009
-2.41397069
-3.67994586
-9.46759898
0.21638876
-0.82704512
-1.26758530
-6.24349150
-1.10836041
-2.39831173
-9.56316948
-2.74530507
-1.70414400
-0.92537748
-1.09155375
-2.54743754
-0.46384841
-0.82704512
-7.96727611
-0.56479617
-7.13058593
-9.78251912
-9.80083861
-9.81735963
-4.79977232
-4.03079669
-9.50954008
0.18401222
-9.66493411
0.01347071
-9.53431750
-1.08562005
-2.37191538
-6.99272806
-3.64641452
-0.85133236
0.14847386
-3.59067966
-6.65618773
-8.12229702
-8.94882161
-1.96488353
-3.38953719
-9.60769784
-4.40328927
-1.60651280
-3.81060320
-3.39065569
-3.49634222
-2.88493659
-3.19599239
-3.54338731
-3.64641452
-9.34646079
-0.03662955
-1.00586945
-2.52552993
-0.58445135
-8.97450680
-7.89643210
-6.18542596
-2.26121444
-2.59191295
-2.75083656
-3.28238074
-9.53837867
-2.56198078
-1.44163444
-4.55052363
-2.98155465
-2.69079293
-3.69236668
-2.52748172
-9.68140903
-6.80658801
-0.97582029
-2.71492947
-4.15357704
-1.33207323
-2.94057706
-1.74358471
-0.97151131
-3.64641452
-1.37768859
-2.52625459
-4.08669811
-2.69978258
-2.91148883
-2.54193971
-9.66493411
-1.33644649
-0.42310413
-9.84778940
0.10931010
-6.39867777
-7.11507517
-1.23143100
-2.41249590
-6.47604860
-3.70682845
-0.74502417
-6.65618773
-8.12229702
-8.94882161
-1.96488353
-3.38953719
-9.52368915
-3.72282470
-2.26928154
-7.86987170
-3.36774235
-8.85914370
-6.58002126
-6.33545285
-6.18585561
-7.27257570
-1.09251181
-2.71225631
-6.18770254
-6.75772710
-8.64261305
-4.10450976
-6.31696106
-3.20320750
-1.02524616
-8.70547133
-3.20320750
-2.10770120
-3.54117404
-9.07816326
-3.40302672
-2.96262155
-8.67005517
-0.04301686
-2.78639533
-1.04456780
-9.67661343
-1.65560954
-0.38057051
-0.06125926
-0.70994902
-2.59360097
-0.71611131
-8.42115352
-6.41647395
-0.97343908
-3.03123222
-3.08328731
-2.74697674
-0.34496142
-6.45122898
-0.87994700
-2.86239999
-3.81011689
-0.91848065
-2.16672767
-2.26537814
-2.99276925
-9.50159161
-6.66008387
-0.25387544
-9.59976195
-3.36834500
-1.93232051
-4.56700762
-0.64407071
-0.74502417
-0.34496142
-8.82077783
-2.78315198
-1.06091449
-2.10514266
-7.87341965
-3.63771050
-6.91503058
-0.58445135
-5.68561449
-6.40030717
-0.72853760
-2.30814129
-5.68715551
-6.86118781
-5.98984394
-3.24430857
-8.20002493
-9.84778940
0.10931010
-2.51213832
-9.52368915
-0.87041265
-1.61501460
-2.75082502
-3.08918087
-2.96952509
-2.09606386
-2.93034518
-9.15033536
-7.81263702
0.65080334
-9.14989571
-2.08713441
-2.72553802
-9.51078615
-4.43546723
-2.39306822
-9.63311938
-4.78428962
-9.69441682
0.03797865
-1.10125781
-2.32142244
-2.62102335
-6.64547093
-0.88401988
-9.43807150
-6.40223511
0.68652561
-9.53624184
-1.26625254
-0.80499561
-9.04193466
-6.58235319
-7.07343157
-8.36931093
-9.52908383
-3.73450368
-3.08874492
-6.05734093
-1.84064349
-2.59739964
-3.07099598
-2.16943620
-2.65307001
-1.08540203
-2.56557770
-2.80994267
-7.14818383
-0.86164234
-2.08137833
-2.86988961
-9.03904234
-0.70994902
-0.62929976
-7.77998419
-1.18893834
-2.96138918
-2.56557770
-6.64765335
-2.78333662
-2.30929117
-1.48335606
-1.49157206
-2.53616588
-2.66245870
-8.19232028
-0.63611762
-6.69435515
-2.60055252
-3.98523656
-3.05785139
-9.66493411
-1.34485981
-0.65279644
-1.88451690
-2.85494938
-3.39130143
-1.27092469
-3.12154219
-0.95019976
-4.09595339
-9.64310682
0.01945555
-0.86717690
-0.85133236
0.14847386
-3.59067966
-9.63248865
-0.75480811
-0.72229211
-2.27208238
-1.73595870
-0.85796638
-6.65618773
-8.12229702
-8.98371239
-2.56935392
-2.90860954
-8.15718781
-2.60352600
-0.85133236
0.14847386
-3.59067966
-0.72229211
-2.27208238
-1.73595870
-0.85796638
-6.65618773
-8.12229702
-8.94882161
-1.96488353
-3.38953719
-6.56219251
-1.81652515
-3.25875393
-1.54138707
-2.68105594
-2.38697888
-1.23488716
-6.48444720
-6.70359883
-9.35880458
-9.50778394
-2.90441804
-4.62604474
-7.95055649
-8.77708107
-2.13545290
-7.98780523
-0.62191331
-0.57488505
-6.52802440
-2.69920263
-0.96007019
-0.70994902
-9.63248865
-0.75480811
-9.66493411
-0.60458897
-6.30748661
-0.80572855
-7.92540918
-2.50579779
-1.53386166
-2.93034518
-2.86026846
-7.83273115
-1.38890761
-2.47674952
-4.57648260
-0.64188257
-1.12375664
-0.85133236
0.14847386
-3.59067966
-6.96577253
-1.72915311
-3.21375733
-1.27932928
-2.75845468
-2.58143996
-3.15754507
-9.34646079
-0.03662955
-1.00586945
-2.52552993
-9.66493411
-0.57314702
-6.91101434
-0.95774838
-2.21068947
-8.79807832
-2.58143996
-3.15754507
-2.03338255
-9.44657335
-4.97578651
-3.12913244
-3.14219535
-2.03161468
-1.53305415
-3.05651610
-6.19152911
-6.17237085
-8.52844749
-6.37407515
-7.81397171
-7.98462402
-1.05830671
-9.43596819
-6.86345646
-6.15114807
-8.65791682
-4.08374918
-3.36442108
-7.75841258
-7.54862342
-2.18393363
-2.79998112
-7.81958674
-9.00729489
-9.41462449
-2.82911516
-3.77016559
-9.50159161
-6.69221372
-1.85201936
-0.66010553
-6.66008387
-5.76144317
-2.76646039
-6.51232986
-8.63676293
-4.10587160
-3.41319680
-3.52897570
-2.47542646
-3.10529364
-1.72388243
-6.55056834
-3.56981815
-3.45345895
-3.59964916
-3.31276302
-9.02592300
-9.64140276
-7.62420546
-9.29260249
-8.35584296
-3.45294939
-3.36018260
-6.85423645
-1.18069602
-0.70942140
-4.03747568
-4.39520514
-3.45345883
-8.31789304
-3.12555500
-3.19418496
-0.54986593
-6.91101434
-0.95774838
-2.21068947
-8.79807832
-2.46326297
-2.75510217
-9.42357658
0.34344601
-6.55957083
-9.43227244
-6.43235779
-1.36282740
-2.42532067
-0.25186150
-7.99758019
-8.73668967
-9.53054680
-8.71922299
-3.89954157
-3.18245707
-3.43334905
-5.06277908
-7.77232862
-8.79379337
-3.42039866
-2.63996410
-8.72754298
-2.71353060
-3.28238324
-9.43807150
-6.43620757
-0.89771448
-1.71819031
-2.95172297
-2.77053410
-6.65618773
-8.12229702
-8.94882161
-1.96488353
-3.38953719
-0.98016165
-2.83230791
-2.83419822
-3.77016559
-3.45295261
-9.43807150
-6.43620757
-0.89771448
-1.71819031
-2.95172297
-2.77053410
-6.65618773
-8.12229702
-8.94882161
-1.96488353
-3.38953719
-6.20003407
-1.63663070
-4.23259754
-2.97059722
-0.74502417
-9.42357658
0.34344601
-2.85766700
-0.92569930
-2.66811497
-3.36018266
-4.56700762
-0.64407071
-6.65618773
-8.12229702
-8.94882161
-1.96488353
-3.38953719
-1.93432611
-3.46910034
-0.74502417
-3.17221900
-2.01408745
-0.72043530
-0.67918886
-2.51165559
-3.28238296
-3.87075199
-8.25315555
-2.06441197
-0.36938290
-8.34391067
-3.71990960
-3.69236668
-2.06475689
-4.53731306
-0.99128327
-6.64765335
-2.78333662
-2.30929117
-1.48335606
-2.34157483
-2.89280391
-3.04180755
-3.69236668
-1.21624260
-6.65618773
-8.12229702
-8.94882161
-1.96488353
-3.38953719
-1.07924457
-2.73171990
-0.73028894
-0.82402201
-1.90819456
-0.77504752
-6.58118619
-1.27358302
-0.71388703
-6.91989532
-1.13009523
-9.53837867
-2.56198078
-1.44163444
-4.55052363
-0.51250094
-1.99244893
-0.74607991
-1.53147266
-2.69018527
-8.53080050
-4.00789370
-6.63104945
-9.01022944
-9.14035245
-6.33153880
-7.97726716
-3.80203206
-3.41319686
-4.10938873
-3.22968069
-6.33153880
-6.64765335
-2.78333662
-2.30929117
-1.48335606
-2.34157483
-2.89280391
-7.55762875
-8.78093116
-4.25651049
-3.18866437
-3.61663387
-4.19022768
-3.15124195
-2.53946070
-5.68950149
-0.91291561
-1.94101624
-5.64870039
-7.89523529
-2.13486640
-8.15841333
-9.66493411
0.01347071
-9.43227244
-6.65855068
-1.34639850
-1.94078621
-6.32743841
-5.96147011
-7.99758019
-0.67918886
-9.60769784
-4.40328927
-3.20291858
-3.46783422
-2.39585910
-0.91853015
-1.99244893
-0.74607991
-9.34646079
-0.03662955
-1.00586945
-2.52552993
-6.65618773
-8.12229702
-8.94882161
-1.96488353
-3.38953719
-0.91848065
-2.16672767
-2.51213832
-9.52368915
-0.87041265
-1.61501460
-1.72399498
-2.52744064
-2.93622735
-9.63248865
-0.75480811
-1.99244893
-0.74607991
-2.85571377
-9.60394385
-0.44094701
-2.27624424
-2.98650230
-8.26520886
-3.70543002
-7.36985839
-1.06908602
-2.93012081
-2.51213832
-9.52368915
-0.87041265
-1.61501460
-2.56710496
-6.49892629
-0.37932909
-2.58143996
-3.15754507
-9.33215987
-5.46036010
-1.44205181
-1.72216698
-0.12432362
-2.93977666
-2.36677017
-9.32301319
-1.67868423
-2.48112479
-1.37926247
-6.81860140
-6.84945836
-3.66956895
-3.41319682
-6.82240254
-6.39314761
-8.60225165
-4.69101348
-6.36791361
-9.29985575
-9.15020981
0.03797865
-0.51241011
-2.93034518
-6.64765335
-2.78333662
-2.30929117
-1.48335606
-6.92193384
-8.10838170
-5.57969947
-6.25593704
-7.35614111
-2.69097570
-0.53723878
-0.17590161
-1.88822557
-6.75025704
-6.02312664
-8.22125712
-0.85133236
0.14847386
-3.59067966
-1.21602705
-0.88180999
-2.31551949
-1.05663991
-6.41763215
-3.84742970
-3.09795258
-1.84213699
-2.73697431
-8.09840154
-0.98581632
-1.43714082
-9.39827981
-7.23864894
-8.14255860
-0.64257105
-6.76478132
-1.60181936
-1.35366465
-8.39628723
-1.14774421
-2.28781458
-3.18397780
-1.14807626
-0.02209551
-3.57929480
-1.97306025
-1.02060984
-2.53627046
-3.30956163
-0.79501301
-8.14861455
-8.12154650
-7.02988831
-0.75973084
-2.88326363
-3.77016559
-3.09969501
-6.66211332
-8.59715250
-1.09175145
-0.75339038
-3.64641452
-6.31949687
-1.22317981
-2.32985817
-3.61640799
-7.41560193
-1.86973333
-9.46759898
0.21638876
-1.99244893
-0.74607991
-6.21216676
-2.19484925
-1.98393377
-0.87599849
-4.27439500
-1.77563686
-3.02823224
-3.08092095
-0.80612977
-2.43073121
-2.97154032
-6.91101434
-0.95774838
-2.21068947
-8.79807832
-0.98599589
-2.43714608
-6.24106432
-3.32439704
-3.31440703
-1.20162762
-1.34409706
-3.43785133
-9.50954008
0.18401222
-0.70994902
-9.46759898
0.21638876
-1.23847449
-2.66710002
-1.03966241
-2.51213832
-9.52368915
-0.87041265
-1.61501460
-0.81194013
-2.72095752
-2.59080412
-0.41174007
-6.95437625
-4.01698666
-0.76248858
-1.26072108
-1.06239785
-9.50954008
0.18401222
-2.88529348
-2.94773720
-0.76248858
-9.53837867
-0.36444230
0.26495228
-4.76109471
-2.51339172
-0.40185123
-3.80457909
-2.92655104
-3.51046162
-3.35159404
-2.46067798
-0.94106376
-9.63248865
-0.75480811
-2.99322164
-1.18391903
-3.34534927
-0.97930915
-2.78410355
-7.41560193
-1.86973333
-3.92312352
-6.69073319
-3.92172674
-3.36018197
-2.98777931
-1.42473276
-1.61463291
-6.77675101
-7.41560193
-1.86973333
-3.64641452
-3.23639623
-2.51540790
-3.05784686
-6.91101434
-0.95774838
-2.21068947
-8.79807832
-3.23639623
-2.43214370
-3.01138192
-6.91101434
-0.95774838
-2.21068947
-8.79807832
-2.56557770
-3.92174482
-3.36018281
-9.46759898
0.21638876
-8.48209435
-9.43227244
-6.37929387
-6.46204956
-8.41144483
-4.39520514
-2.84874757
-3.31544462
-8.39195769
-2.92696715
-1.05191226
-6.22208497
-5.99437595
-6.55267689
-6.33271627
-5.67627612
-7.77983073
-0.70994902
-2.10938753
-3.60634667
-3.45345895
-3.16243353
-9.43227244
-6.96760397
-7.57336359
-3.59555358
-3.50574480
-3.13564917
-3.00258175
-6.30953890
-1.31105977
-2.32089140
-2.83367794
-6.26650513
-5.61864374
-7.62614447
-8.54180280
-3.34534927
-1.51054778
-0.54769573
-0.88051839
-0.85075340
-6.91101434
-0.95774838
-2.21068947
-8.79807832
-2.30338686
-2.47028678
-6.37748960
-6.86322427
-3.84652764
-3.14219550
-1.57735034
-1.90972188
-2.00616359
-4.18274848
-3.05785133
-9.52368915
-1.06236063
-2.01527628
-7.68475856
-9.09779686
-3.99953791
-3.41319655
-3.92971199
-3.63838671
-4.56248468
-3.94654397
-9.60769784
-4.40328927
-8.31436530
-1.69143508
-2.81018360
-3.77016559
-3.11213068
-8.45147253
-2.19833290
-2.51213832
-9.52368915
-0.87041265
-1.61501460
-9.15033536
-7.81263702
0.65080334
-9.14989571
-6.91273057
-1.14987567
-2.02595797
-6.88749658
-1.80977999
-2.20644764
-6.98161365
-9.42357658
0.34344601
-8.44860323
-6.16655967
-0.89717258
-3.09630132
-3.15572481
-2.44572174
-0.70994902
-9.40343385
-6.51525733
-2.08878435
-2.45818880
-1.19477193
-7.80603035
-2.35488877
-9.39428716
-2.14217343
-1.11794699
-7.81440040
-0.20865973
-5.87243746
-1.02467882
-0.64081554
-0.78182350
-1.54735620
-0.65087638
-2.18807360
-0.91444824
-6.96062907
-2.48587415
-0.83413160
-8.09910980
-6.59780958
-6.17821047
-2.47169649
-2.50699377
-0.67814950
-3.64641452
-1.82159719
-2.52204901
-2.71792281
-4.16987729
-1.81636178
-2.88005870
-4.04836955
-9.42357658
0.34344601
-1.47564540
-2.16801253
-2.97912525
-8.32875949
-8.11093877
-4.25651049
-3.08125232
-2.94664148
-8.31133383
-3.64431301
-3.05783921
-9.66493411
-0.99976932
-5.91611302
-2.68762253
-2.77355073
-3.28238380
-8.15598352
-1.64804292
-3.07943799
-2.56557770
-1.37651509
-3.01134137
-9.50159161
-6.66008387
-0.25387544
-9.59976195
-9.64310682
0.01945555
-0.79394190
-2.79282729
-0.59085195
-6.53253673
-1.37651509
-3.01134137
-6.61155288
-0.94091196
-2.36791101
-0.45988962
-2.62582942
-0.64863323
-0.49766478
-3.80457909
-2.92655104
-3.51046162
-3.35159404
-2.35531543
-9.60769784
-4.40328927
-1.44439690
-1.19114667
-1.75707280
-2.93806644
-1.74098567
-2.49828181
-3.76668951
-8.63787763
-6.71605399
-9.37938604
-4.43546723
-3.26139688
-3.37389956
-1.33083780
-3.54187742
-9.60769784
-4.40328927
-2.00681243
-3.48275055
-3.18866433
-3.36524033
-3.31285678
-0.90657561
-2.52799047
-6.62583177
-2.34300155
-9.03904234
-3.32159233
-1.57162989
-2.76967140
-2.06441197
-0.36938290
-3.42188205
-2.86026846
-9.60769784
-4.40328927
-9.40225587
-0.26444948
-0.26053692
-2.52954699
-4.57648260
-0.48700466
-9.84778940
0.10931010
-7.96727611
-0.73118114
-1.08689116
-3.22879026
-7.56185099
-2.40168810
-1.36836478
-2.78150572
-8.03605894
-9.63248865
-0.75480811
-2.62801980
-3.01137973
-2.06441197
-0.36938290
-9.67661343
-1.65560954
-0.38057051
-0.06125926
-3.37937346
-3.54338731
-2.57363705
-3.36018273
-0.79501301
-9.60769784
-4.40328927
-9.15033536
-7.86440255
0.13054337
-1.92307910
-9.15186560
-6.24250125
-0.90398935
-2.72608555
-0.97049093
-6.85171647
-1.89160036
-0.86400278
-1.78261367
-3.39797381
-0.95212411
-8.19856713
-1.05214321
-2.38247430
-4.30893360
-9.42357658
0.34344601
-1.19420687
-2.37505938
-1.79864979
-9.66493411
-1.01576444
-3.11761960
-7.02426544
-0.85995191
-2.54157143
-3.13537943
-9.01022944
-6.21216676
-2.19484925
-1.98393377
-0.87599849
-4.27439500
-1.06329637
-3.24565161
-3.36018125
-3.33605439
-1.78741813
-3.77016559
-6.65618773
-8.12229702
-8.94882161
-1.96488353
-3.38953719
-9.60769784
-4.40328927
-2.15456031
-2.88261868
-9.33215987
-5.46036010
-1.44205181
-1.72216698
-0.12432362
-2.93977666
-2.36677017
-9.32301319
-8.97450680
-7.89643210
-0.97996216
-1.89923964
-1.14539291
-2.28981025
-1.83083772
-2.03287642
-7.05083194
-0.29673834
-1.42473276
-1.61463291
-6.77675101
-9.41773477
-1.10707785
-1.63705092
-2.51364853
-2.48367950
-2.52608989
-1.29973174
-0.78158114
-2.79282729
-6.65618773
-8.12229702
-8.94882161
-1.96488353
-3.38953719
-6.52719485
-0.85288929
-1.47961440
-0.69867873
-2.60352600
-9.15033536
-7.81263702
0.65080334
-9.14989571
-9.39827981
-7.23864894
-8.14255860
-0.64257105
-6.76478132
-1.60181936
-2.62737895
-7.72629560
-0.92804841
-2.30323599
-6.57297865
-6.41606139
-0.89930337
-1.39682698
-5.73674089
-8.29596039
-0.77623129
-0.69124561
-2.65424886
-3.36018279
-2.70962454
-2.23360176
-9.50448101
-0.16521410
-0.81427986
-2.29421639
-3.49290825
-1.21663095
-2.56557770
-8.58404246
-6.52981384
-1.56789498
-4.16154809
-3.08690496
-2.61454553
-9.63248865
-0.75480811
-1.33210586
-2.76803496
-9.42533563
-6.88095076
-0.85575407
-2.57693604
-2.05014091
-2.89648470
-9.29311922
-2.56557770
-4.55744685
-4.00194237
-0.85133236
0.14847386
-3.59067966
-8.67632928
-1.36663989
-2.65923707
-3.30876663
-3.93663135
-3.77016559
0.03797865
-0.96474991
-2.20514187
-6.70404236
-2.28120109
-9.03904234
-3.64641452
-9.14952900
-9.64351493
-1.60323271
-3.13339287
-6.00265187
-7.59141878
-7.87923003
-0.92305185
-2.50735475
-7.04285615
-8.72459660
-9.26921098
-2.90773443
-1.94240293
-2.51213832
-9.52368915
-0.87041265
-1.61501460
-6.84602971
-0.45472414
-3.64641452
-1.44893357
-2.92362049
-3.92312352
-9.66493411
-3.01644653
-2.78706059
-3.36123692
-0.87427282
-0.74502417
-3.41073226
-3.03769104
-1.41026091
-0.98562151
-2.18869601
-9.42357658
0.34344601
-2.51339763
-0.74571727
-9.63248865
-0.75480811
-2.50427282
-3.28238378
-6.39610472
-1.32486414
-2.65932802
-3.69028431
-9.27944290
-1.34596599
-0.28928962
0.01344286
-1.02523164
-9.27944290
-1.34596599
-0.28928962
0.01344286
-3.47492700
-3.08704581
-3.39797381
-1.65730713
-1.64506306
-0.98435039
-2.09180787
-7.21170616
-0.82959688
-2.51213832
-9.52368915
-0.87041265
-1.61501460
-1.88373505
-2.19014057
-9.63248865
-0.75480811
-2.73370111
-3.08918046
-6.28461044
-6.51389959
-1.42154835
-1.21390153
-6.41722050
-6.26929180
-6.36951555
-6.52198565
-6.27158609
-6.05218534
-8.01579003
-6.65618773
-8.12229702
-8.94882161
-1.96488353
-3.38953719
-9.63248865
-0.75480811
-2.51834889
-3.05785020
-3.64641452
-0.45988962
-8.39628723
-1.23342481
-2.36718653
-0.63229755
-0.35396675
-9.41773477
-1.10707785
-1.63705092
-2.51364853
-3.14643352
-2.97654848
-0.75063533
-8.39628723
-1.23342481
-2.36718653
-0.63229755
-0.35396675
-0.73702360
-0.88668601
-2.07062283
-8.06518520
-4.11541281
-2.74949943
-2.61545057
